82	1
90	1
100	1
102	2
104	1
112	1
114	1
116	1
120	1
121	2
122	1
126	1
129	1
131	1
134	1
135	2
137	2
138	1
139	3
141	1
142	2
143	1
145	4
146	3
147	2
150	2
152	1
153	2
154	2
155	1
157	2
159	1
161	1
162	1
163	1
164	2
165	1
166	1
168	2
169	1
172	2
173	3
174	1
175	1
177	1
178	1
179	2
181	1
182	3
183	3
184	3
185	1
186	2
187	1
188	3
192	1
194	2
195	2
196	1
197	2
199	2
200	5
201	2
202	4
203	3
204	2
205	1
206	3
207	3
208	4
209	3
210	2
211	4
213	1
214	2
215	4
216	3
217	1
218	3
219	3
220	3
221	3
222	2
223	4
224	2
225	1
226	2
227	3
228	2
229	7
230	2
231	3
232	5
233	1
234	1
235	2
236	3
237	3
238	2
239	3
240	2
241	1
242	8
243	1
244	4
245	2
246	1
247	1
248	4
249	1
250	2
251	5
252	5
253	6
254	2
255	5
256	7
257	3
258	6
259	1
260	2
261	5
262	2
263	2
264	1
265	6
266	6
267	2
268	3
269	4
270	7
271	3
272	2
273	4
274	5
275	6
276	5
277	5
278	2
279	2
280	2
281	2
282	3
283	5
284	3
285	1
286	7
287	7
288	4
289	5
290	1
291	8
292	3
293	1
294	7
295	4
296	1
297	2
298	3
299	4
300	3
301	3
302	8
303	2
304	5
305	4
306	6
307	3
308	8
309	1
310	1
311	5
312	3
314	8
315	2
316	6
317	1
319	3
320	4
321	3
322	3
323	3
324	6
325	5
326	5
327	10
328	4
329	4
330	2
331	2
332	8
333	2
334	6
335	6
336	3
337	5
338	6
339	4
340	4
341	4
342	4
343	2
344	6
345	3
346	7
347	2
348	3
349	1
350	3
351	5
352	4
353	6
354	3
355	8
356	4
357	7
358	6
359	7
360	10
361	1
362	11
363	7
364	3
365	4
366	3
367	1
368	7
369	5
370	6
371	3
372	5
373	6
374	2
375	11
376	3
377	4
378	6
379	3
380	4
381	4
382	3
383	2
384	1
385	4
386	2
387	2
388	5
389	6
390	1
391	4
392	5
393	4
394	5
395	5
396	3
397	5
398	1
400	3
401	3
402	5
403	6
404	2
405	6
406	5
407	3
408	1
409	6
410	3
411	2
412	1
413	2
414	2
415	2
416	4
417	1
418	5
419	2
420	2
421	7
422	2
423	6
424	5
425	8
426	3
427	4
428	4
429	4
430	3
431	1
432	3
433	4
434	5
435	5
436	3
437	2
438	2
439	3
440	3
441	1
442	2
444	3
445	2
446	5
447	3
448	2
449	3
450	2
451	5
452	4
453	4
454	3
455	3
456	5
457	2
458	3
459	6
460	5
461	4
462	5
463	3
464	3
465	2
466	4
467	2
468	6
469	2
470	4
471	5
472	2
473	4
474	4
475	2
476	6
477	4
478	2
479	4
480	4
481	2
482	4
483	5
484	2
485	7
486	2
487	6
488	6
489	6
490	6
491	3
492	3
493	4
494	6
495	5
496	2
497	3
498	4
499	5
500	1
501	2
502	4
503	3
504	2
505	2
506	2
507	3
508	5
509	1
510	2
511	2
512	3
514	5
515	5
516	4
517	1
518	2
519	1
520	5
521	3
522	2
523	1
524	1
525	5
526	1
527	2
528	3
529	2
530	4
531	2
532	2
534	3
535	3
536	2
537	3
538	3
539	4
540	2
541	3
542	2
543	1
544	1
545	3
546	5
548	2
549	3
550	3
551	7
552	3
553	4
554	9
555	3
556	1
557	2
559	1
560	3
561	4
562	3
563	3
564	3
565	4
566	3
567	4
568	3
569	3
570	2
571	1
572	3
573	2
574	2
575	1
576	6
577	2
578	4
579	8
581	4
582	1
583	3
584	3
585	3
586	4
587	2
588	2
589	2
590	2
591	4
592	2
593	7
594	4
595	4
596	4
597	1
598	6
599	5
600	3
601	3
602	9
603	3
604	2
605	4
606	5
607	2
608	3
609	3
610	2
611	3
612	6
613	1
614	2
615	3
616	4
617	3
618	3
619	3
620	4
621	1
622	9
623	1
624	2
625	4
626	1
627	1
628	1
629	3
630	2
631	4
632	3
633	1
634	7
635	4
636	5
637	1
639	4
640	2
641	2
642	2
643	1
644	1
645	4
648	5
650	1
651	1
652	1
653	1
654	2
655	2
656	1
657	3
658	2
659	2
660	1
661	4
662	2
663	2
664	5
667	4
669	4
670	4
671	3
672	1
673	2
674	2
675	3
677	3
678	1
679	5
681	2
684	3
685	2
686	2
687	3
688	4
689	3
690	4
691	4
692	5
693	3
694	5
695	1
696	1
698	1
699	3
700	1
701	5
703	1
704	5
705	1
706	4
707	2
708	1
709	2
710	1
711	6
712	2
713	3
714	4
715	2
716	2
718	4
719	3
721	2
722	7
723	6
724	2
725	6
726	2
727	3
728	1
729	5
730	1
731	5
732	2
733	2
735	1
736	3
737	1
738	1
739	1
740	3
741	2
742	5
743	1
744	5
745	2
746	1
747	3
748	2
749	1
750	1
751	2
752	2
753	2
754	2
756	4
757	2
758	4
759	3
760	1
761	4
762	2
764	3
765	5
766	3
767	2
768	1
769	2
770	4
772	3
773	2
774	1
775	3
776	3
777	3
779	1
781	2
783	2
784	1
785	1
786	2
788	3
789	1
790	5
791	2
792	1
794	2
796	5
797	2
799	2
800	2
801	2
802	3
803	4
804	2
805	2
808	1
810	2
811	2
814	3
816	2
818	2
819	2
820	5
821	2
822	2
823	2
824	2
825	2
826	4
827	1
828	3
830	2
831	2
833	2
834	3
835	1
837	1
838	2
839	1
840	2
841	3
842	6
843	2
844	1
845	3
846	2
847	1
848	1
849	1
850	1
851	4
852	1
853	2
855	1
856	3
857	2
858	1
859	2
860	1
861	1
862	3
863	6
864	2
865	3
867	2
868	1
869	1
870	4
871	2
872	2
873	2
874	3
875	4
876	3
877	2
879	2
880	1
881	1
884	4
885	1
886	2
887	4
888	4
889	3
890	3
891	5
892	1
893	1
894	2
895	3
897	2
898	3
899	4
900	1
901	3
902	4
903	4
904	5
905	2
907	3
909	2
910	2
911	6
912	3
913	1
914	4
915	2
916	1
917	2
918	4
919	3
920	2
921	2
922	1
923	5
924	1
925	3
926	2
927	5
928	2
931	5
933	4
934	3
935	3
936	1
937	3
938	2
939	2
940	2
941	2
943	2
944	1
945	3
946	1
947	1
948	1
949	2
950	1
951	2
953	1
954	1
955	2
957	1
958	4
961	4
962	2
963	1
965	3
967	3
969	1
971	3
972	1
973	2
974	3
975	2
976	3
978	2
979	3
980	1
981	1
982	1
983	3
984	3
985	1
986	2
987	2
988	3
989	1
990	1
991	1
992	1
993	4
995	1
996	1
997	2
1000	2
1001	3
1002	1
1003	1
1004	1
1005	1
1008	1
1009	2
1010	1
1011	3
1012	3
1013	3
1014	2
1015	1
1016	1
1017	2
1018	1
1019	1
1020	1
1021	1
1022	3
1023	1
1024	1
1025	4
1026	3
1027	2
1029	3
1030	3
1032	2
1033	1
1035	1
1036	1
1037	1
1039	4
1040	1
1041	5
1042	3
1043	1
1044	1
1046	2
1048	1
1049	2
1050	1
1051	2
1052	1
1054	2
1055	3
1056	2
1057	3
1058	2
1059	2
1060	1
1061	4
1062	2
1064	2
1065	2
1067	1
1071	1
1072	1
1073	2
1074	3
1075	2
1076	2
1077	3
1078	3
1079	3
1080	1
1082	1
1084	2
1085	2
1086	1
1087	2
1088	2
1089	3
1090	2
1092	3
1093	2
1095	2
1096	2
1098	1
1099	2
1100	4
1101	1
1102	2
1103	1
1104	2
1106	4
1108	2
1109	2
1110	1
1111	4
1112	2
1114	4
1115	2
1116	3
1117	4
1118	4
1119	2
1120	3
1121	2
1122	2
1123	3
1124	2
1125	2
1126	5
1127	4
1128	4
1129	1
1130	2
1131	1
1132	2
1133	5
1134	3
1135	2
1136	3
1137	2
1138	2
1140	2
1141	4
1142	1
1143	1
1144	5
1145	1
1146	2
1148	4
1149	1
1151	2
1153	6
1154	2
1155	1
1156	5
1157	4
1158	2
1159	1
1160	3
1161	1
1162	2
1163	2
1164	3
1165	2
1166	5
1167	3
1168	6
1169	2
1171	2
1172	1
1173	4
1174	1
1175	1
1176	1
1177	3
1178	2
1179	5
1180	3
1181	2
1182	1
1183	5
1184	2
1185	3
1187	4
1188	2
1189	1
1190	6
1191	3
1192	3
1193	5
1194	6
1195	1
1196	1
1197	3
1198	2
1199	1
1200	3
1201	1
1202	2
1203	3
1204	2
1205	1
1206	2
1207	2
1208	3
1209	2
1210	2
1211	2
1212	2
1213	2
1214	3
1215	3
1216	4
1217	3
1218	4
1220	2
1222	3
1224	1
1225	1
1226	2
1227	4
1228	2
1229	4
1230	2
1231	4
1232	4
1234	2
1235	3
1236	1
1237	3
1238	2
1239	5
1240	3
1241	5
1243	3
1244	1
1245	1
1246	2
1247	4
1248	1
1249	2
1250	2
1251	1
1252	6
1253	2
1255	1
1256	3
1257	3
1260	4
1261	1
1263	2
1264	1
1265	2
1266	3
1267	3
1268	2
1269	1
1270	1
1271	5
1272	3
1273	2
1274	1
1275	1
1276	3
1277	5
1278	2
1279	6
1280	2
1281	2
1282	1
1283	1
1285	1
1287	4
1288	2
1289	3
1292	4
1293	3
1294	1
1296	2
1297	2
1298	1
1299	1
1300	1
1301	2
1304	1
1306	1
1307	5
1308	1
1309	1
1310	2
1311	1
1312	2
1313	2
1315	3
1316	1
1318	1
1319	4
1320	2
1321	2
1322	3
1323	1
1324	1
1326	2
1327	1
1328	3
1330	1
1331	3
1332	2
1333	3
1334	1
1335	3
1336	3
1337	5
1338	3
1341	2
1342	1
1343	1
1344	3
1345	2
1346	3
1347	2
1349	2
1350	1
1351	3
1352	4
1353	2
1354	2
1355	2
1357	3
1358	3
1359	2
1361	2
1362	1
1363	3
1364	4
1365	3
1366	2
1367	2
1368	1
1369	1
1370	1
1371	2
1372	3
1374	5
1375	3
1376	2
1377	1
1378	3
1379	5
1380	1
1381	4
1382	1
1383	6
1384	2
1385	3
1386	6
1387	1
1388	2
1389	2
1390	4
1391	3
1392	2
1393	3
1394	5
1395	1
1397	5
1398	3
1401	2
1402	2
1403	1
1404	5
1405	2
1406	6
1408	4
1409	4
1410	3
1411	3
1412	4
1413	2
1414	2
1415	3
1416	3
1417	1
1418	5
1419	1
1420	2
1421	4
1422	2
1423	3
1424	1
1425	8
1426	4
1427	3
1428	1
1429	1
1430	1
1431	4
1432	4
1433	4
1434	2
1435	1
1436	1
1437	5
1438	2
1439	2
1440	1
1441	6
1442	1
1443	2
1444	4
1445	3
1446	2
1447	1
1448	6
1449	4
1450	1
1451	4
1452	2
1453	4
1454	3
1456	2
1458	1
1459	1
1460	1
1461	1
1464	4
1466	2
1467	3
1468	5
1469	4
1470	1
1471	3
1472	2
1473	2
1474	5
1475	1
1476	2
1477	3
1478	1
1479	3
1480	1
1481	4
1483	2
1484	1
1485	3
1486	3
1487	1
1488	3
1489	2
1491	3
1492	1
1493	2
1494	2
1495	1
1496	1
1497	2
1498	1
1499	2
1501	2
1502	3
1505	2
1506	3
1507	2
1509	2
1510	1
1511	2
1513	2
1514	1
1515	1
1516	1
1518	1
1519	2
1521	2
1522	2
1523	1
1524	1
1525	5
1526	1
1527	1
1528	2
1530	1
1531	3
1532	1
1534	1
1535	1
1537	3
1538	5
1539	1
1540	2
1541	2
1542	1
1543	1
1544	2
1545	4
1546	1
1547	1
1548	1
1549	2
1550	2
1551	4
1552	2
1553	1
1554	3
1556	2
1557	1
1558	4
1559	1
1560	2
1561	2
1563	3
1564	2
1565	1
1566	4
1567	2
1568	2
1569	2
1570	2
1572	1
1573	2
1574	1
1575	4
1576	1
1577	2
1579	3
1580	3
1582	6
1583	3
1584	1
1585	5
1586	3
1587	1
1590	1
1591	1
1592	2
1593	1
1594	2
1595	4
1596	2
1597	2
1599	3
1600	3
1601	1
1603	3
1604	2
1605	1
1606	2
1607	2
1608	2
1609	4
1610	1
1611	2
1612	1
1613	4
1614	4
1615	2
1616	3
1617	1
1618	1
1619	1
1620	3
1621	2
1622	3
1623	4
1624	5
1625	3
1626	6
1627	4
1628	2
1630	1
1631	3
1632	3
1633	2
1634	3
1635	1
1636	3
1637	2
1638	2
1639	2
1640	3
1641	3
1642	5
1643	3
1644	1
1645	1
1646	1
1647	3
1648	3
1649	2
1650	1
1651	4
1652	3
1653	1
1655	2
1656	3
1657	2
1658	5
1659	4
1660	3
1661	3
1662	4
1663	3
1664	7
1665	2
1667	4
1668	2
1669	3
1670	1
1671	4
1672	1
1673	3
1674	3
1675	2
1676	3
1677	1
1678	4
1679	7
1681	1
1682	5
1683	2
1684	1
1685	2
1686	1
1687	4
1688	1
1689	2
1690	3
1691	5
1692	2
1693	5
1695	2
1696	2
1697	1
1698	1
1699	1
1702	3
1703	2
1704	5
1705	1
1706	2
1707	2
1708	3
1709	2
1710	2
1711	2
1712	2
1713	2
1714	1
1715	4
1716	2
1717	4
1718	3
1719	2
1720	3
1721	1
1722	5
1723	2
1724	2
1725	2
1726	2
1727	7
1728	1
1729	2
1730	2
1731	1
1732	2
1733	2
1735	2
1736	1
1737	3
1738	1
1740	2
1741	2
1743	1
1744	3
1745	1
1746	5
1747	1
1748	1
1749	7
1751	2
1752	3
1753	2
1754	1
1755	2
1756	1
1757	1
1758	2
1759	2
1760	5
1762	1
1763	3
1764	4
1765	2
1767	2
1768	4
1769	2
1771	2
1772	1
1773	3
1774	1
1775	2
1776	2
1777	2
1778	1
1780	5
1781	2
1782	1
1783	1
1784	2
1785	1
1786	1
1787	4
1788	4
1791	3
1792	3
1793	4
1794	1
1795	1
1797	5
1798	3
1799	2
1800	1
1801	1
1802	3
1803	3
1804	4
1805	1
1806	1
1807	2
1808	1
1809	2
1810	4
1811	2
1812	1
1813	2
1814	2
1815	2
1816	2
1817	1
1818	1
1820	2
1821	1
1824	3
1825	1
1828	1
1829	2
1830	4
1831	1
1832	1
1833	5
1834	2
1835	1
1836	1
1837	2
1839	1
1840	2
1841	1
1842	1
1843	5
1844	2
1846	3
1847	3
1849	3
1850	4
1851	1
1853	1
1855	2
1856	1
1857	1
1858	1
1859	2
1860	4
1861	1
1862	1
1863	2
1864	1
1866	5
1867	1
1868	2
1871	2
1872	3
1873	1
1875	2
1876	1
1877	2
1878	2
1879	2
1881	3
1882	1
1884	4
1886	1
1887	1
1888	1
1889	4
1890	3
1891	2
1892	3
1893	1
1895	1
1896	1
1898	1
1899	4
1900	2
1901	1
1902	4
1903	4
1904	3
1905	2
1907	1
1909	2
1910	2
1911	1
1913	3
1914	2
1915	1
1916	5
1917	1
1918	1
1919	1
1920	3
1921	3
1922	2
1923	2
1924	1
1925	1
1926	2
1928	5
1929	1
1930	1
1931	2
1932	3
1933	2
1934	1
1936	1
1937	3
1938	2
1939	1
1940	2
1945	2
1947	2
1948	2
1949	1
1950	6
1951	2
1952	2
1953	1
1954	1
1955	1
1956	4
1957	4
1958	1
1959	1
1960	4
1961	1
1962	2
1963	4
1964	1
1966	4
1967	2
1968	2
1970	2
1971	2
1972	5
1973	1
1974	1
1975	4
1976	1
1977	4
1978	4
1979	5
1980	1
1981	5
1982	1
1983	2
1984	1
1985	2
1986	2
1987	6
1992	3
1993	3
1994	5
1996	1
1998	1
1999	3
2000	4
2001	3
2002	2
2003	5
2004	3
2005	1
2006	1
2009	2
2010	2
2011	1
2012	3
2013	2
2014	5
2015	4
2017	3
2018	3
2019	3
2020	3
2021	1
2022	2
2023	1
2024	1
2026	4
2027	4
2028	2
2030	4
2032	1
2033	2
2034	3
2035	2
2036	1
2037	2
2038	2
2041	3
2042	2
2043	1
2044	4
2045	4
2047	6
2048	2
2049	2
2050	2
2051	4
2053	4
2054	1
2055	1
2056	2
2057	4
2058	7
2059	6
2060	3
2061	3
2062	2
2063	1
2064	4
2066	2
2067	2
2068	4
2069	1
2070	4
2072	2
2073	1
2074	2
2075	1
2076	1
2078	4
2079	2
2080	4
2081	1
2082	5
2083	3
2084	1
2085	5
2086	5
2087	1
2088	1
2089	1
2090	1
2091	2
2092	2
2093	3
2094	1
2095	1
2096	1
2097	2
2098	1
2099	5
2100	2
2101	1
2102	1
2104	3
2105	3
2106	5
2107	1
2108	1
2109	3
2110	3
2111	2
2112	1
2113	4
2114	4
2115	2
2117	1
2118	1
2119	1
2120	1
2121	1
2123	4
2124	1
2125	4
2126	2
2127	2
2128	2
2129	1
2130	1
2131	2
2132	1
2133	2
2134	1
2135	4
2136	1
2137	4
2138	2
2139	2
2140	2
2142	1
2143	1
2144	3
2146	1
2147	1
2149	1
2150	5
2151	4
2153	1
2155	1
2156	2
2158	4
2159	2
2161	3
2163	1
2164	1
2165	1
2166	2
2167	1
2168	1
2169	3
2170	1
2171	4
2172	3
2173	3
2174	1
2175	1
2176	4
2177	2
2178	1
2180	1
2181	5
2182	1
2183	1
2184	2
2185	1
2186	3
2187	1
2188	2
2189	3
2190	1
2192	3
2193	1
2194	2
2195	2
2196	3
2198	4
2199	1
2200	2
2202	1
2203	4
2204	1
2206	2
2207	1
2209	2
2210	2
2211	1
2212	1
2213	1
2214	1
2215	2
2216	2
2217	2
2218	2
2220	1
2221	1
2222	1
2224	2
2227	2
2228	1
2229	2
2230	1
2232	1
2233	1
2234	1
2235	2
2238	1
2241	3
2242	1
2243	2
2245	2
2246	3
2247	3
2248	2
2251	1
2252	2
2253	2
2255	3
2256	2
2257	1
2258	2
2260	2
2261	1
2262	1
2264	2
2266	2
2267	1
2268	2
2269	1
2270	3
2272	2
2273	1
2274	1
2276	2
2277	2
2280	2
2282	2
2283	2
2284	1
2285	1
2286	1
2287	1
2288	3
2289	1
2292	1
2294	2
2295	1
2296	2
2298	1
2299	1
2300	1
2301	2
2302	3
2303	1
2305	1
2306	1
2307	1
2308	2
2309	3
2310	1
2311	1
2312	1
2313	1
2315	4
2317	2
2318	1
2319	1
2320	1
2322	1
2323	1
2324	2
2325	1
2326	3
2327	1
2328	3
2330	2
2332	1
2333	1
2334	2
2336	3
2337	2
2338	1
2339	5
2340	1
2341	1
2342	1
2343	2
2344	1
2345	2
2346	2
2347	1
2348	2
2349	3
2350	2
2351	1
2352	3
2353	1
2354	1
2356	1
2357	2
2358	2
2360	1
2361	2
2362	1
2363	1
2364	1
2365	1
2366	1
2367	3
2368	1
2369	1
2370	1
2373	1
2375	2
2376	1
2377	2
2378	1
2379	2
2380	2
2381	1
2383	1
2384	1
2385	1
2386	1
2387	3
2388	1
2389	2
2390	4
2391	2
2392	2
2393	2
2394	1
2396	1
2398	1
2399	1
2400	2
2402	1
2403	1
2404	1
2405	2
2406	1
2407	3
2408	3
2409	2
2410	1
2411	1
2412	2
2413	2
2414	1
2415	5
2416	2
2418	1
2419	4
2420	1
2421	1
2422	1
2423	2
2424	3
2425	2
2426	2
2429	3
2430	3
2432	1
2433	2
2434	3
2436	2
2438	1
2439	4
2440	3
2441	2
2442	1
2443	1
2445	2
2446	1
2447	1
2448	2
2449	1
2450	2
2451	1
2453	1
2455	3
2456	4
2457	1
2458	2
2460	1
2462	4
2463	1
2464	4
2466	2
2467	1
2468	1
2469	2
2472	3
2473	3
2474	1
2476	1
2477	3
2478	3
2479	3
2480	1
2481	1
2482	1
2483	1
2484	1
2485	4
2486	4
2487	1
2488	1
2489	2
2490	1
2491	2
2492	1
2493	2
2494	1
2495	2
2497	1
2498	1
2499	3
2501	4
2502	2
2503	2
2505	4
2506	1
2507	2
2508	1
2509	3
2510	2
2511	1
2512	2
2513	5
2514	2
2517	3
2519	3
2520	4
2521	1
2522	3
2523	3
2524	6
2525	2
2526	1
2527	1
2528	4
2529	2
2530	1
2531	5
2532	1
2534	1
2536	1
2537	3
2538	1
2540	3
2541	1
2542	2
2543	3
2546	3
2547	2
2548	3
2551	1
2552	6
2553	6
2554	4
2555	4
2557	4
2560	1
2561	6
2562	2
2563	4
2564	3
2566	2
2567	2
2568	2
2569	2
2570	1
2571	3
2573	4
2574	1
2575	3
2578	4
2580	2
2581	2
2583	1
2584	1
2585	1
2586	4
2587	3
2588	2
2589	3
2590	2
2591	4
2592	3
2593	9
2594	2
2595	1
2596	3
2597	1
2598	2
2599	1
2600	3
2601	1
2602	5
2604	2
2605	3
2606	1
2608	4
2610	2
2611	2
2612	1
2613	4
2614	4
2615	3
2617	4
2618	1
2619	2
2620	2
2621	5
2622	3
2623	2
2624	2
2625	3
2626	1
2627	2
2628	4
2630	2
2631	3
2633	2
2634	2
2635	3
2638	2
2639	1
2640	3
2641	2
2642	1
2643	1
2644	2
2645	2
2646	2
2647	3
2648	1
2649	3
2650	2
2651	1
2653	2
2654	2
2655	2
2656	1
2657	2
2658	1
2659	1
2660	1
2661	2
2663	5
2664	2
2665	2
2666	1
2668	1
2669	3
2670	1
2672	1
2673	5
2674	2
2675	1
2676	2
2677	3
2678	1
2679	2
2680	2
2681	1
2682	2
2683	1
2685	3
2686	1
2687	1
2688	4
2690	1
2691	3
2692	3
2693	3
2694	2
2695	2
2696	5
2697	1
2698	2
2700	1
2701	4
2702	1
2703	1
2704	1
2705	3
2706	3
2707	1
2709	4
2710	2
2712	3
2713	2
2715	4
2716	2
2717	2
2718	1
2721	1
2722	3
2723	1
2724	1
2725	1
2727	3
2728	2
2729	1
2731	2
2732	2
2733	6
2734	4
2735	2
2736	3
2737	4
2738	2
2739	1
2741	3
2742	1
2743	2
2744	2
2745	1
2746	2
2747	3
2748	1
2749	1
2750	1
2751	5
2752	2
2753	3
2754	2
2755	3
2756	1
2757	3
2758	4
2760	3
2761	2
2762	1
2763	4
2764	1
2765	2
2766	7
2767	3
2769	1
2770	1
2771	1
2772	3
2773	2
2775	4
2776	3
2778	2
2779	1
2780	1
2781	2
2782	1
2783	1
2784	1
2785	3
2787	3
2788	1
2789	2
2790	1
2791	2
2792	1
2793	1
2794	1
2796	3
2797	2
2799	2
2800	2
2801	1
2802	1
2803	1
2804	2
2805	2
2806	1
2807	1
2810	2
2812	2
2815	2
2816	5
2817	1
2818	3
2819	2
2821	1
2823	3
2824	3
2828	1
2829	2
2830	1
2831	2
2834	2
2837	1
2838	1
2840	2
2841	2
2842	1
2843	1
2844	3
2846	1
2847	2
2849	1
2850	1
2853	3
2854	1
2855	2
2857	1
2858	1
2859	1
2860	1
2861	2
2862	4
2863	2
2864	1
2865	1
2866	1
2867	1
2868	2
2869	1
2870	1
2872	4
2874	2
2875	1
2876	2
2878	4
2879	1
2880	2
2881	1
2883	3
2885	2
2886	1
2887	1
2889	1
2890	2
2891	4
2892	1
2893	1
2894	2
2895	2
2896	3
2897	5
2898	1
2900	4
2901	1
2902	1
2904	2
2905	1
2906	1
2907	2
2908	1
2909	1
2910	3
2911	3
2914	1
2915	1
2916	2
2917	2
2918	1
2919	1
2920	1
2921	1
2923	2
2924	2
2925	2
2926	5
2928	1
2929	1
2930	1
2931	2
2932	2
2933	1
2936	1
2937	2
2938	2
2939	2
2940	2
2942	1
2943	4
2944	1
2945	1
2946	4
2947	1
2948	1
2949	3
2951	2
2952	2
2953	2
2956	2
2957	1
2958	1
2959	3
2963	1
2964	1
2965	3
2966	1
2967	4
2968	2
2969	1
2970	1
2972	1
2973	4
2974	1
2975	1
2978	1
2980	1
2982	1
2984	2
2986	1
2987	1
2991	1
2993	1
2994	1
2996	1
2997	1
2998	4
3000	3
3002	1
3003	1
3004	2
3005	1
3006	2
3008	1
3009	1
3011	1
3012	1
3013	2
3014	2
3015	1
3017	1
3019	1
3020	1
3021	1
3023	1
3024	1
3025	1
3026	4
3027	2
3029	2
3030	3
3031	1
3032	3
3033	1
3034	2
3035	2
3036	2
3037	2
3038	1
3043	1
3044	1
3045	4
3046	1
3047	2
3049	3
3050	1
3051	1
3052	2
3053	1
3054	1
3055	1
3056	2
3057	1
3059	2
3060	1
3062	2
3064	4
3065	1
3066	3
3067	1
3069	2
3070	2
3071	4
3072	1
3074	1
3075	1
3077	2
3078	2
3079	1
3081	1
3084	2
3085	3
3086	2
3087	1
3088	1
3089	1
3090	3
3095	1
3097	1
3098	1
3101	1
3102	1
3103	1
3104	1
3106	1
3107	4
3109	2
3110	1
3112	1
3113	1
3114	1
3115	1
3116	2
3117	1
3120	2
3122	2
3123	2
3124	2
3125	1
3126	2
3128	1
3129	3
3130	2
3131	2
3133	1
3134	2
3136	1
3137	2
3138	2
3139	1
3140	2
3141	2
3142	3
3143	1
3144	2
3145	1
3146	1
3148	1
3149	3
3150	1
3151	2
3152	2
3153	1
3154	3
3156	2
3158	3
3159	1
3161	2
3165	1
3166	2
3168	1
3169	2
3172	2
3173	1
3174	1
3175	1
3177	2
3178	1
3179	1
3181	1
3183	3
3184	1
3185	2
3186	1
3187	1
3188	2
3189	1
3190	1
3191	2
3192	1
3194	3
3195	3
3196	3
3198	3
3199	2
3200	4
3201	4
3203	1
3204	4
3205	2
3207	1
3208	1
3209	1
3211	3
3212	1
3213	1
3218	1
3219	2
3220	2
3221	2
3222	4
3223	3
3224	2
3225	3
3226	2
3227	2
3228	1
3229	2
3230	3
3231	1
3232	1
3233	1
3234	2
3235	2
3236	3
3238	1
3239	2
3240	1
3242	1
3243	1
3246	1
3247	1
3248	1
3249	1
3250	1
3251	1
3252	5
3253	1
3254	2
3255	1
3256	3
3257	1
3258	1
3259	3
3260	3
3261	1
3262	2
3264	1
3267	1
3268	2
3269	3
3271	1
3272	2
3275	1
3276	2
3277	3
3278	2
3280	2
3283	4
3284	1
3285	1
3286	5
3288	1
3289	1
3295	2
3296	1
3298	2
3299	2
3300	1
3301	1
3302	1
3304	3
3305	1
3306	2
3307	1
3308	2
3309	3
3311	2
3312	1
3313	3
3315	3
3316	1
3317	2
3318	2
3319	1
3320	2
3321	1
3322	2
3323	2
3324	1
3326	1
3327	3
3329	3
3331	2
3332	1
3333	1
3334	2
3336	2
3338	1
3339	1
3340	1
3341	2
3342	3
3343	2
3344	2
3345	1
3346	3
3348	1
3349	3
3350	1
3353	3
3354	3
3356	1
3357	2
3358	5
3360	3
3363	1
3365	1
3367	1
3368	1
3369	2
3370	2
3374	2
3375	1
3376	1
3377	2
3380	1
3381	3
3382	3
3383	4
3384	1
3385	2
3386	3
3387	1
3388	1
3389	1
3390	1
3392	1
3395	4
3397	1
3398	2
3399	1
3400	1
3402	1
3403	1
3404	1
3405	1
3407	1
3409	2
3410	2
3411	3
3414	1
3416	2
3417	1
3418	2
3419	1
3423	3
3424	1
3425	2
3430	3
3431	2
3432	1
3433	2
3434	3
3436	2
3437	1
3438	2
3439	7
3440	2
3442	1
3443	2
3444	2
3445	3
3447	2
3448	1
3449	3
3450	4
3451	4
3453	1
3454	1
3455	1
3456	3
3457	2
3458	1
3459	2
3463	3
3464	2
3465	4
3466	4
3468	3
3470	1
3472	3
3473	3
3474	1
3475	3
3476	2
3478	1
3479	3
3480	4
3482	2
3483	1
3485	1
3488	1
3489	4
3490	3
3491	2
3492	1
3493	3
3494	1
3498	1
3499	1
3500	3
3501	2
3502	2
3503	2
3504	5
3505	1
3507	2
3508	3
3509	1
3510	3
3511	4
3512	1
3513	1
3514	2
3515	2
3516	4
3517	1
3518	1
3519	1
3520	2
3521	2
3522	2
3523	1
3524	2
3525	1
3526	2
3527	2
3528	1
3529	1
3530	2
3531	1
3532	4
3533	3
3534	1
3535	1
3536	3
3539	2
3540	4
3541	2
3542	1
3543	1
3544	2
3546	3
3548	1
3549	1
3550	1
3551	1
3552	1
3553	1
3554	2
3555	2
3556	2
3557	1
3558	2
3559	3
3560	3
3561	1
3562	4
3563	3
3564	1
3565	1
3566	1
3567	1
3568	3
3569	1
3570	3
3571	1
3574	4
3575	1
3578	1
3579	1
3580	2
3581	3
3582	1
3585	2
3586	1
3587	1
3588	1
3589	3
3590	3
3591	1
3592	2
3593	1
3594	2
3597	1
3598	1
3599	1
3601	1
3602	1
3605	1
3606	2
3607	1
3608	1
3609	4
3610	2
3611	3
3612	1
3614	1
3617	2
3618	2
3619	3
3620	3
3622	2
3624	1
3625	2
3626	1
3628	2
3629	3
3631	4
3632	4
3633	1
3634	2
3635	2
3637	1
3638	2
3639	3
3640	2
3641	2
3642	1
3643	2
3645	3
3647	1
3648	3
3649	1
3654	1
3655	2
3656	1
3661	2
3663	2
3664	2
3665	1
3668	1
3671	2
3672	1
3673	4
3674	1
3675	2
3676	1
3679	2
3680	1
3685	1
3686	1
3687	2
3688	1
3689	1
3690	2
3692	2
3694	2
3696	3
3697	3
3699	2
3701	2
3702	2
3703	1
3704	1
3705	1
3706	2
3710	2
3712	1
3714	2
3715	1
3716	4
3717	1
3718	4
3719	1
3720	3
3726	1
3728	1
3729	1
3731	2
3732	2
3733	3
3734	2
3736	1
3737	1
3740	3
3743	1
3744	1
3747	1
3750	1
3751	1
3752	3
3754	1
3756	1
3757	1
3759	1
3762	2
3763	1
3764	1
3766	1
3768	1
3770	1
3771	2
3775	1
3776	4
3777	1
3778	1
3779	1
3780	1
3781	1
3782	1
3783	1
3792	1
3795	1
3797	2
3800	1
3801	2
3802	2
3803	3
3807	1
3811	1
3815	2
3816	1
3820	1
3821	1
3822	2
3824	2
3826	1
3828	3
3831	1
3833	1
3834	1
3835	1
3836	1
3837	1
3838	1
3841	1
3844	2
3846	1
3847	2
3851	1
3852	1
3854	1
3855	2
3857	2
3859	1
3860	1
3862	1
3865	1
3866	1
3867	1
3868	1
3869	1
3872	1
3874	2
3875	1
3876	1
3877	1
3879	2
3881	1
3882	1
3883	2
3887	1
3888	2
3889	1
3890	1
3891	1
3892	2
3893	1
3896	2
3898	3
3899	1
3901	2
3906	1
3907	3
3908	2
3909	1
3910	2
3911	4
3912	1
3914	1
3915	3
3916	2
3918	1
3921	1
3922	2
3923	2
3924	2
3928	2
3932	1
3934	1
3935	1
3936	1
3938	3
3940	3
3942	2
3945	1
3946	3
3947	1
3948	1
3951	1
3952	1
3953	1
3954	1
3955	4
3956	1
3957	1
3959	1
3960	1
3965	1
3967	1
3969	1
3970	1
3972	2
3973	1
3974	2
3975	2
3977	1
3978	1
3979	2
3980	1
3981	1
3982	1
3983	2
3985	1
3986	1
3987	3
3991	2
3992	5
3993	1
3995	1
3996	3
3999	1
4001	1
4002	1
4003	2
4004	1
4007	1
4008	3
4009	1
4011	1
4014	2
4016	2
4020	2
4021	1
4022	2
4023	1
4024	2
4027	1
4028	1
4030	1
4033	1
4034	1
4035	2
4036	2
4037	1
4039	1
4042	2
4043	2
4044	1
4046	1
4049	4
4051	1
4052	1
4053	1
4054	2
4056	1
4058	2
4064	1
4065	2
4067	2
4069	1
4070	2
4071	1
4072	1
4073	1
4075	1
4076	1
4077	1
4078	2
4080	1
4082	1
4083	1
4084	1
4085	1
4086	1
4087	1
4088	1
4089	2
4092	1
4093	1
4094	1
4096	1
4098	1
4100	1
4101	2
4102	1
4103	5
4105	1
4106	1
4107	2
4108	1
4109	1
4111	1
4115	1
4117	1
4118	1
4119	2
4120	2
4122	2
4127	1
4128	2
4129	3
4130	1
4132	1
4133	1
4134	2
4135	1
4136	1
4137	1
4138	1
4139	1
4140	1
4143	1
4145	3
4146	3
4147	2
4148	2
4149	2
4152	2
4153	3
4154	3
4156	2
4157	3
4159	1
4160	2
4161	1
4163	1
4164	3
4166	2
4167	1
4168	1
4169	2
4170	1
4171	2
4172	1
4174	2
4175	2
4183	1
4187	2
4188	1
4189	2
4192	1
4193	2
4195	1
4197	1
4198	4
4199	1
4200	1
4201	1
4202	1
4203	2
4204	2
4206	1
4207	2
4208	1
4209	3
4210	1
4211	2
4215	1
4216	1
4220	2
4221	2
4224	1
4225	2
4226	1
4230	2
4231	1
4234	2
4235	1
4236	1
4238	1
4239	1
4241	2
4242	4
4243	2
4246	1
4247	1
4248	1
4250	1
4253	1
4256	2
4257	2
4258	1
4268	2
4269	4
4270	1
4272	1
4273	2
4275	2
4277	2
4282	1
4283	1
4284	1
4285	1
4289	1
4290	3
4291	2
4294	1
4296	1
4297	1
4298	1
4299	1
4300	1
4301	1
4303	1
4307	1
4308	1
4309	1
4310	1
4311	1
4312	1
4313	1
4315	3
4317	2
4320	1
4321	1
4323	2
4324	1
4325	1
4326	2
4328	2
4329	4
4331	2
4332	1
4335	1
4336	1
4337	3
4340	1
4341	1
4342	1
4344	1
4345	1
4346	3
4349	1
4351	1
4353	1
4354	2
4355	1
4357	1
4363	1
4364	1
4365	1
4366	1
4368	2
4370	1
4371	3
4372	1
4373	1
4375	1
4377	3
4378	2
4381	5
4382	1
4385	2
4387	2
4390	2
4394	1
4395	1
4396	3
4397	2
4398	1
4400	1
4401	2
4403	2
4404	2
4407	1
4409	2
4410	1
4411	1
4414	1
4416	1
4419	1
4420	3
4423	5
4424	1
4427	2
4430	3
4432	1
4435	1
4436	1
4437	1
4438	1
4440	1
4441	1
4443	3
4444	1
4445	1
4446	2
4448	3
4452	2
4458	2
4459	1
4461	1
4462	1
4465	2
4466	1
4471	2
4473	1
4474	1
4475	1
4477	1
4479	1
4481	1
4482	1
4485	2
4487	2
4490	1
4493	1
4494	5
4497	1
4499	1
4502	1
4509	1
4513	1
4517	1
4521	2
4523	1
4524	1
4525	1
4526	1
4529	1
4533	1
4534	2
4537	1
4538	1
4540	1
4542	1
4544	4
4545	2
4546	1
4547	1
4549	1
4554	4
4558	3
4559	1
4563	1
4564	1
4567	1
4575	1
4577	1
4579	1
4582	1
4583	1
4585	1
4586	2
4591	2
4592	2
4594	1
4596	1
4597	3
4598	2
4599	1
4600	1
4601	1
4603	2
4604	1
4605	1
4606	1
4608	1
4609	1
4610	1
4611	1
4616	1
4622	1
4627	1
4628	1
4632	2
4633	2
4635	2
4638	1
4645	2
4647	1
4648	1
4657	1
4660	1
4662	1
4663	1
4664	2
4665	1
4670	1
4672	1
4673	1
4674	1
4677	1
4678	2
4691	1
4693	1
4695	1
4697	3
4705	1
4707	1
4711	1
4716	1
4719	1
4720	3
4723	1
4736	2
4738	1
4739	1
4740	1
4742	1
4745	1
4750	1
4751	1
4756	1
4759	1
4764	1
4765	1
4767	1
4770	2
4774	1
4779	1
4780	1
4781	2
4783	2
4784	1
4786	1
4788	1
4793	2
4794	1
4796	1
4798	1
4800	1
4801	1
4804	1
4805	1
4806	1
4809	2
4810	2
4815	2
4816	1
4818	1
4822	1
4823	1
4827	3
4828	1
4830	4
4831	1
4833	1
4836	2
4839	1
4840	1
4841	2
4843	1
4846	2
4848	2
4849	2
4851	2
4854	2
4856	1
4857	1
4860	1
4861	1
4862	2
4863	1
4865	2
4869	2
4870	2
4877	1
4879	2
4882	1
4884	2
4885	2
4886	1
4889	3
4892	3
4893	3
4895	1
4899	1
4900	1
4901	1
4902	1
4904	1
4906	1
4908	1
4912	1
4917	2
4921	2
4922	1
4923	1
4926	1
4927	1
4929	6
4937	1
4940	1
4941	1
4944	1
4949	2
4951	1
4952	1
4955	1
4958	2
4959	1
4961	1
4967	1
4969	1
4971	1
4973	2
4974	1
4977	4
4979	1
4982	1
4983	1
4986	1
4987	1
4995	1
4996	2
4997	3
4998	1
5000	3
5003	1
5006	1
5007	1
5010	1
5011	1
5012	1
5013	2
5014	2
5015	2
5019	2
5028	1
5029	2
5030	1
5032	1
5033	1
5038	1
5041	1
5042	1
5046	1
5052	2
5055	1
5056	1
5058	1
5060	1
5062	1
5063	5
5064	2
5065	2
5066	1
5067	4
5070	1
5072	1
5074	1
5078	1
5081	1
5084	1
5086	1
5087	1
5090	1
5091	2
5092	1
5093	1
5094	2
5095	2
5096	1
5102	1
5104	1
5109	1
5110	1
5111	1
5112	1
5113	1
5114	2
5115	2
5116	4
5119	1
5120	1
5122	2
5126	2
5128	1
5129	1
5131	1
5132	1
5133	1
5134	1
5137	1
5139	1
5147	1
5151	1
5158	1
5159	1
5165	1
5167	1
5168	1
5171	2
5173	2
5174	1
5179	1
5181	1
5184	2
5188	1
5189	2
5190	1
5192	1
5194	4
5196	1
5199	2
5202	1
5204	1
5207	1
5217	2
5223	1
5224	2
5225	1
5231	1
5233	1
5238	2
5241	1
5242	1
5246	2
5250	1
5254	2
5256	1
5258	2
5262	1
5265	1
5266	1
5268	3
5269	2
5270	1
5274	1
5276	1
5277	1
5279	4
5281	1
5283	1
5284	1
5289	1
5290	3
5291	1
5295	1
5303	1
5308	1
5309	3
5311	1
5314	1
5315	1
5317	1
5318	1
5321	1
5322	1
5325	1
5326	1
5327	1
5328	1
5329	1
5331	1
5335	1
5337	2
5339	3
5340	1
5342	1
5346	1
5347	1
5351	1
5352	1
5354	1
5360	1
5361	1
5363	1
5366	1
5368	2
5370	1
5375	1
5381	1
5387	1
5389	1
5392	1
5398	2
5402	1
5404	1
5407	1
5408	1
5415	1
5417	1
5422	1
5426	1
5428	3
5435	1
5437	1
5440	1
5443	2
5444	1
5452	1
5454	1
5459	1
5460	3
5462	2
5463	1
5466	1
5468	1
5476	1
5479	1
5482	1
5495	1
5496	1
5497	1
5499	1
5501	1
5504	1
5507	1
5508	1
5509	1
5510	1
5518	1
5525	1
5542	1
5553	1
5555	1
5558	2
5559	1
5567	2
5568	1
5576	1
5581	1
5583	1
5586	1
5589	1
5592	3
5593	1
5599	1
5608	1
5616	1
5623	2
5625	1
5626	1
5628	1
5629	1
5636	1
5641	1
5644	1
5646	1
5648	1
5650	1
5673	1
5677	1
5682	1
5687	1
5688	1
5691	1
5695	1
5705	1
5710	1
5718	1
5720	2
5721	1
5722	1
5730	1
5733	1
5734	1
5739	1
5743	1
5745	1
5749	2
5751	1
5753	1
5763	2
5766	1
5770	1
5772	1
5773	1
5776	1
5780	1
5790	1
5803	1
5810	1
5811	1
5815	1
5817	1
5821	1
5833	1
5835	1
5838	1
5841	1
5843	1
5854	1
5856	1
5863	1
5884	1
5893	1
5897	1
5906	3
5909	1
5910	1
5912	1
5922	1
5926	1
5927	1
5933	1
5936	2
5945	1
5951	1
5955	1
5960	1
5963	1
5970	1
5974	1
5976	1
5979	1
5980	1
5982	2
5991	1
5996	1
6002	1
6003	1
6005	1
6012	1
6015	1
6016	1
6017	1
6018	1
6020	4
6022	1
6030	1
6039	1
6044	1
6047	1
6050	1
6053	1
6054	1
6057	1
6062	1
6064	2
6065	1
6067	1
6068	1
6077	1
6078	2
6088	2
6093	1
6095	1
6097	1
6101	1
6103	1
6111	1
6115	1
6117	2
6119	3
6121	1
6131	1
6132	1
6134	2
6138	1
6143	1
6145	1
6148	1
6149	3
6150	1
6152	1
6154	1
6158	1
6166	1
6168	1
6169	1
6171	1
6174	4
6186	1
6189	1
6190	2
6196	1
6198	1
6199	2
6200	1
6202	2
6204	1
6207	1
6209	1
6218	1
6220	1
6224	1
6227	1
6228	1
6231	1
6233	1
6234	2
6235	1
6238	1
6240	1
6246	1
6249	2
6250	1
6251	1
6252	1
6255	1
6257	2
6263	1
6272	1
6275	2
6279	2
6283	1
6285	1
6286	1
6291	1
6296	1
6297	1
6298	2
6300	1
6301	2
6303	1
6307	1
6313	1
6318	1
6321	1
6322	2
6323	1
6324	1
6331	2
6332	1
6333	1
6334	1
6336	1
6340	1
6341	1
6345	1
6347	3
6351	1
6354	1
6359	1
6361	1
6364	1
6367	1
6369	3
6371	1
6372	1
6375	1
6376	1
6378	1
6382	2
6384	1
6385	1
6392	1
6393	1
6396	1
6398	1
6401	1
6402	1
6406	1
6409	1
6410	1
6413	2
6414	2
6422	1
6429	2
6433	1
6436	1
6437	1
6442	1
6444	1
6449	1
6457	1
6458	1
6459	1
6460	1
6461	3
6464	2
6468	1
6470	2
6476	1
6477	1
6479	1
6488	1
6495	1
6497	2
6498	1
6499	2
6501	1
6504	1
6505	2
6509	1
6511	1
6512	1
6513	1
6515	2
6516	1
6517	2
6519	3
6523	1
6524	1
6526	3
6531	1
6533	5
6538	1
6539	1
6543	1
6549	1
6554	1
6556	1
6561	1
6562	1
6563	1
6564	1
6565	1
6570	2
6573	1
6574	1
6575	1
6578	1
6579	1
6583	2
6584	2
6585	1
6587	2
6588	1
6589	1
6591	1
6593	1
6596	2
6598	1
6599	1
6608	1
6612	1
6615	1
6616	1
6622	1
6625	1
6627	1
6630	1
6635	1
6636	1
6639	1
6641	1
6644	1
6646	1
6649	1
6653	1
6655	1
6660	1
6661	1
6664	1
6665	2
6669	1
6672	1
6673	1
6674	1
6678	2
6679	1
6680	1
6682	1
6684	1
6685	1
6686	1
6688	2
6689	1
6690	1
6695	1
6696	1
6700	1
6702	1
6703	1
6708	1
6709	1
6710	1
6714	1
6716	1
6717	1
6722	1
6723	1
6725	2
6729	1
6730	1
6735	1
6746	1
6752	1
6754	1
6760	1
6770	2
6775	1
6776	1
6780	1
6781	2
6785	1
6786	2
6793	1
6795	1
6799	1
6800	1
6801	1
6802	1
6803	1
6805	1
6814	1
6815	1
6822	1
6830	1
6836	1
6839	1
6847	1
6851	1
6854	1
6855	1
6856	1
6861	1
6865	1
6870	1
6877	2
6889	1
6890	1
6893	1
6902	1
6903	1
6906	1
6918	1
6923	1
6929	1
6935	2
6941	3
6951	1
6954	2
6957	1
6961	1
6964	3
6976	1
6981	2
6982	2
6986	1
6994	1
6995	1
6998	1
7002	1
7003	2
7006	1
7007	1
7009	1
7012	1
7026	1
7032	1
7033	1
7036	1
7038	2
7039	1
7042	1
7043	1
7044	1
7046	2
7047	1
7058	1
7060	1
7068	1
7074	1
7075	1
7076	1
7081	1
7082	1
7085	1
7086	1
7097	1
7100	1
7101	1
7104	1
7105	1
7106	1
7107	1
7109	1
7111	1
7114	1
7116	1
7118	1
7119	1
7124	1
7126	1
7136	1
7142	1
7143	1
7146	1
7148	1
7150	1
7155	1
7156	1
7160	1
7162	1
7167	1
7177	2
7178	1
7182	1
7183	1
7184	1
7186	1
7196	1
7205	2
7211	1
7222	1
7224	1
7231	1
7232	1
7250	1
7255	1
7257	1
7263	1
7274	1
7294	1
7299	1
7302	1
7308	2
7309	1
7320	1
7325	1
7337	1
7338	1
7340	1
7341	1
7350	1
7351	1
7352	1
7370	1
7373	1
7380	1
7383	1
7389	1
7394	1
7402	1
7410	2
7426	1
7428	2
7429	1
7438	1
7444	1
7449	1
7453	1
7454	1
7458	1
7459	1
7470	1
7473	1
7478	1
7479	2
7482	1
7486	1
7491	1
7510	1
7513	1
7518	2
7519	1
7521	1
7523	1
7530	1
7534	1
7535	1
7536	1
7543	1
7550	2
7557	1
7561	1
7569	1
7571	1
7574	1
7582	2
7585	1
7590	1
7596	1
7597	1
7605	1
7608	1
7611	2
7614	2
7616	1
7617	1
7645	1
7651	1
7666	1
7668	1
7672	1
7690	1
7695	1
7701	1
7702	1
7717	1
7719	1
7724	1
7729	1
7734	1
7735	1
7740	1
7744	1
7753	1
7758	1
7764	1
7769	1
7780	1
7793	1
7797	1
7803	1
7809	1
7813	1
7816	1
7817	1
7850	1
7874	2
7876	1
7880	1
7882	1
7884	1
7888	1
7894	1
7901	1
7907	1
7908	1
7910	1
7917	1
7921	1
7936	1
7942	1
7943	1
7946	1
7948	1
7953	1
7956	1
7957	2
7962	1
7964	1
7966	1
7971	1
7986	1
7989	1
7994	2
7995	1
7996	1
8001	1
8004	1
8012	1
8014	2
8023	1
8025	1
8027	1
8028	2
8030	1
8035	1
8037	1
8038	2
8043	1
8044	1
8051	1
8055	1
8065	1
8070	1
8071	1
8080	1
8081	1
8088	1
8089	1
8090	1
8095	1
8098	3
8109	1
8113	3
8115	1
8117	1
8118	1
8119	1
8121	1
8126	2
8128	1
8129	2
8134	1
8138	1
8156	1
8157	1
8173	1
8176	1
8180	1
8182	1
8183	1
8184	1
8186	3
8188	1
8194	3
8196	1
8201	1
8203	2
8206	2
8209	1
8211	1
8212	1
8217	1
8218	1
8219	1
8221	1
8222	1
8227	1
8228	1
8235	1
8238	1
8244	1
8247	1
8254	1
8258	3
8260	3
8261	1
8262	1
8263	2
8264	1
8266	2
8270	2
8271	1
8272	1
8273	1
8278	3
8287	1
8290	2
8292	2
8296	1
8300	1
8304	2
8306	1
8310	2
8314	1
8315	3
8322	2
8323	3
8329	1
8332	2
8335	1
8343	1
8345	2
8346	1
8347	1
8350	1
8354	1
8359	1
8360	2
8365	1
8369	1
8370	2
8373	1
8384	1
8388	1
8393	2
8402	1
8410	1
8412	2
8414	1
8415	2
8417	1
8425	1
8426	1
8427	1
8428	1
8432	3
8437	2
8438	1
8443	1
8446	1
8447	1
8450	1
8452	1
8454	3
8457	1
8459	2
8460	1
8461	1
8468	1
8474	2
8476	1
8478	2
8480	1
8484	2
8485	3
8489	1
8490	1
8495	2
8498	1
8499	2
8500	1
8501	1
8503	1
8506	2
8512	1
8517	1
8519	1
8521	1
8525	1
8526	1
8528	1
8529	1
8530	1
8534	1
8535	1
8536	1
8538	3
8539	1
8541	1
8544	1
8547	3
8552	1
8562	1
8572	2
8574	1
8580	1
8586	2
8588	1
8589	1
8590	1
8591	1
8592	1
8593	1
8596	1
8597	1
8604	1
8606	1
8607	1
8611	1
8612	2
8614	1
8630	1
8642	1
8647	1
8654	1
8656	1
8660	1
8664	2
8666	2
8669	2
8670	2
8677	1
8679	2
8680	2
8681	1
8684	1
8686	2
8688	1
8691	1
8696	2
8699	1
8714	1
8717	1
8721	1
8728	1
8729	1
8730	2
8731	1
8749	1
8756	1
8759	1
8761	1
8763	1
8764	1
8768	2
8770	1
8777	1
8782	1
8785	1
8808	1
8812	1
8818	1
8824	1
8827	1
8830	1
8843	1
8846	1
8847	1
8849	1
8850	1
8870	1
8871	1
8887	1
8906	1
8907	1
8912	1
8917	1
8921	1
8958	1
8987	1
8996	1
8999	1
9000	1
9002	1
9006	1
9013	1
9018	1
9044	1
9053	1
9058	2
9059	2
9078	1
9079	1
9081	1
9088	1
9091	1
9100	1
9113	1
9114	2
9130	1
9143	1
9146	1
9150	1
9153	1
9155	2
9156	1
9163	1
9164	1
9169	1
9174	1
9176	1
9181	1
9189	1
9190	1
9197	1
9201	2
9205	1
9206	1
9212	1
9216	2
9231	1
9238	1
9246	1
9249	1
9251	1
9258	1
9259	1
9263	1
9267	1
9268	1
9272	1
9279	2
9280	1
9289	2
9290	1
9301	1
9309	1
9312	1
9313	1
9315	2
9318	1
9320	1
9327	1
9333	1
9345	1
9346	1
9349	1
9353	2
9375	1
9386	1
9387	1
9394	1
9402	1
9414	1
9435	1
9436	1
9443	1
9452	1
9464	1
9466	1
9483	1
9484	1
9488	1
9492	1
9513	1
9516	2
9517	2
9521	1
9524	1
9532	1
9533	1
9534	2
9539	1
9564	1
9575	1
9576	1
9595	1
9608	1
9613	1
9618	1
9641	1
9661	1
9667	1
9668	1
9671	1
9685	1
9696	1
9698	1
9725	1
9726	1
9739	1
9742	1
9747	1
9773	1
9782	1
9783	1
9793	1
9802	1
9803	1
9807	1
9811	3
9823	2
9831	1
9859	1
9865	1
9866	1
9869	1
9874	1
9876	1
9877	1
9882	1
9907	1
9911	1
9914	1
9916	1
9917	1
9920	1
9946	1
9949	2
9950	1
9953	1
9974	2
9979	1
9986	1
9987	1
9988	2
9991	1
9992	1
9997	2
10010	1
10011	2
10015	1
10023	1
10037	1
10039	1
10053	1
10057	2
10088	2
10089	1
10116	1
10117	1
10127	1
10136	1
10140	1
10171	1
10201	1
10204	1
10208	1
10235	1
10240	1
10255	1
10259	1
10272	1
10283	1
10310	2
10313	1
10314	1
10315	1
10325	1
10330	1
10331	1
10339	1
10345	1
10352	1
10353	2
10354	1
10361	1
10362	1
10371	1
10374	1
10375	1
10380	1
10382	1
10413	1
10414	1
10437	1
10442	2
10447	1
10469	1
10480	1
10487	1
10493	1
10509	1
10513	1
10526	1
10553	1
10554	1
10572	1
10575	1
10581	1
10589	1
10590	1
10594	1
10597	1
10600	1
10602	1
10612	1
10615	1
10625	1
10634	1
10640	1
10641	1
10645	1
10649	1
10658	1
10662	1
10670	3
10672	1
10677	1
10685	1
10688	1
10707	1
10709	1
10712	1
10717	1
10722	1
10723	1
10725	2
10793	1
10795	1
10797	1
10801	1
10828	2
10829	1
10832	1
10835	1
10839	1
10846	2
10856	1
10866	3
10877	1
10884	2
10886	1
10897	1
10918	1
10919	1
10940	1
10950	1
10952	1
10977	2
10979	1
10982	1
10989	1
10992	1
11001	1
11009	1
11021	1
11022	1
11032	3
11035	1
11040	1
11044	2
11069	1
11070	1
11074	1
11086	1
11094	1
11095	1
11100	1
11110	1
11130	1
11137	1
11149	1
11157	1
11161	1
11175	1
11182	1
11188	1
11189	2
11193	1
11198	1
11203	1
11206	1
11214	1
11230	2
11276	2
11280	1
11281	1
11288	1
11307	1
11312	1
11313	1
11331	1
11332	2
11333	1
11344	1
11376	1
11383	1
11388	1
11389	2
11399	1
11413	1
11420	3
11424	1
11433	1
11436	1
11440	1
11441	1
11443	1
11457	1
11465	1
11469	1
11487	1
11504	1
11525	1
11543	1
11569	1
11592	1
11599	1
11605	1
11625	1
11655	1
11689	1
11710	1
11716	1
11726	1
11760	1
11795	1
11796	1
11811	1
11813	1
11857	1
11860	1
11890	1
11904	1
11906	1
11916	1
11920	1
11925	2
11934	1
11937	1
11959	3
11987	1
11992	1
12016	1
12026	1
12033	1
12036	1
12038	1
12052	2
12058	1
12059	1
12069	1
12072	1
12081	3
12084	1
12112	1
12127	1
12134	1
12136	1
12149	1
12158	1
12171	1
12174	1
12177	3
12205	1
12229	1
12230	1
12255	1
12290	1
12311	1
12344	1
12371	1
12408	1
12414	1
12464	1
12477	1
12480	1
12497	1
12532	1
12535	1
12539	1
12567	1
12574	2
12577	1
12579	1
12586	1
12591	1
12620	1
12624	1
12633	1
12635	1
12643	1
12647	1
12656	1
12660	1
12667	1
12681	1
12685	1
12695	1
12704	1
12706	1
12709	1
12716	1
12728	1
12732	1
12756	1
12769	1
12781	1
12789	1
12824	1
12829	1
12835	1
12838	1
12879	1
12883	1
12912	1
12934	1
12972	1
12973	1
12989	1
12992	1
12996	2
13000	3
13007	1
13018	1
13028	1
13072	1
13085	1
13094	1
13132	1
13152	1
13282	1
13287	1
13306	1
13331	1
13345	1
13355	1
13378	2
13416	1
13435	1
13439	1
13479	1
13484	1
13589	1
13619	1
13654	1
13690	2
13791	1
13804	1
13829	1
13831	1
13864	1
13888	1
13913	1
13921	1
13928	1
13937	1
13997	2
14013	1
14100	1
14106	1
14120	1
14124	1
14158	1
14176	1
14233	1
14272	1
14415	1
14431	2
14490	1
14519	1
14631	1
14640	2
14706	1
14737	1
14778	1
14803	1
14834	1
14870	1
14886	1
14888	1
14899	1
14915	1
15001	1
15066	1
15184	1
15202	1
15291	1
15316	1
15353	1
15373	1
15446	1
15496	1
15528	1
15609	1
15839	1
15871	1
15883	1
15903	2
15919	1
16027	1
16073	1
16203	2
16256	1
16317	1
16508	1
16533	2
16550	1
16577	1
16627	1
16757	1
17141	1
17390	1
17484	1
17503	1
17519	1
17524	1
17732	1
17784	1
17863	1
17922	1
18058	2
18078	1
18106	1
18115	1
18184	1
18506	1
18529	1
18533	1
18537	1
18567	1
18574	1
18585	1
18603	1
18617	1
18640	1
18643	1
18649	1
18665	1
18670	1
18678	1
18695	1
18716	1
18738	1
18760	1
18762	1
18777	1
18815	1
18826	1
18828	1
18829	1
18830	1
18857	3
18876	1
18877	1
18880	1
18943	1
18973	1
18988	1
18989	1
19002	1
19006	1
19018	1
19037	1
19063	1
19076	1
19078	1
19095	1
19163	1
19208	1
19210	1
19215	1
19302	1
19343	2
19521	1
19556	1
19695	1
19783	2
19859	1
20511	1
20591	1
20697	2
20779	1
20835	1
20862	1
20927	2
20943	1
20955	1
21015	1
21023	1
21240	1
21394	1
21503	1
21603	1
21853	1
22179	1
22807	1
24798	1
24843	1
24856	1
24888	1
24914	1
24915	1
24968	1
24980	1
25003	1
25036	1
25067	1
25083	1
25096	2
25109	1
25167	1
25215	1
25249	1
25274	1
25279	2
25393	1
25405	2
25407	1
25441	1
25476	1
25515	1
25519	1
26166	1
27169	1
27269	2
27281	1
27292	1
27316	1
27320	1
27369	1
27436	1
27438	1
27441	1
27458	1
27483	1
27542	1
27585	1
27651	1
27652	1
27660	1
27665	1
27689	2
27730	1
27782	1
27787	1
27992	1
28223	1
29758	1
30620	1
30823	2
30841	1
30865	1
31050	1
31055	1
31092	1
31097	1
31154	1
31227	2
31594	1
32651	1
33146	2
33184	1
33192	2
33196	1
33259	2
33296	1
33382	2
33415	1
33428	2
33524	1
33659	2
34070	1
34160	1
34222	1
36480	2
36485	1
36756	2
36831	2
36854	3
36888	1
37205	1
37283	1
38269	2
41202	3
41587	1
41670	1
41762	1
41831	2
42980	1
45339	1
45429	1
45478	2
45506	1
45637	1
45663	1
46925	1
52159	1
52303	2
52736	1
53389	1
55625	1
58721	1
61318	1
70650	3
77235	1
78307	2
83671	1
